n: 256
final iters: 37898, error: 0.001000
time: 45.807917
