n: 32
final iters: 604, error: 0.001000
time: 0.023475
