n: 64
final iters: 2394, error: 0.000999
time: 0.232574
