n: 128
final iters: 9510, error: 0.001000
time: 2.093657
