n: 16
final iters: 154, error: 0.000976
time: 0.009359
